distortion_model: double_sphere
fx: 587.0397210507864
fy: 585.510264377442
cx: 1351.8047434395694
cy: 977.5050746752252
xi: -0.28053508695043006
alpha: 0.5599303124883102
