# Camera resolution is 5112x3840 but calibration was done using 2x2 binning.
# Therefore CameraInfo message should simulate no binning to indicate that the intrinsics should be used as is.
height: 1920
width: 2556
binning_x: 1
binning_y: 1
offset_x: 0
offset_y: 0
distortion_model: double_sphere
fx: 571.4448814063372
fy: 570.6090733170088
cx: 1334.1674886529015
cy: 985.4219057464759
xi: -0.2996439614293713
alpha: 0.5537226081641069
