# Camera resolution is 5112x3840 but calibration was done using 2x2 binning.
# Therefore CameraInfo message should simulate no binning to indicate that the intrinsics should be used as is.
height: 1920
width: 2556
binning_x: 1
binning_y: 1
offset_x: 0
offset_y: 0
distortion_model: double_sphere
fx: 766.5493687893227
fy: 766.4818173525827
cx: 1335.9318657988895
cy: 984.0953615156744
xi: -0.0446992138803928
alpha: 0.6201102931738993
