# Camera resolution is 5112x3840 but calibration was done using 2x2 binning.
# Therefore CameraInfo message should simulate no binning to indicate that the intrinsics should be used as is.
height: 1920
width: 2556
binning_x: 1
binning_y: 1
offset_x: 0
offset_y: 0
distortion_model: double_sphere
fx: 587.0397210507864
fy: 585.510264377442
cx: 1351.8047434395694
cy: 977.5050746752252
xi: -0.28053508695043006
alpha: 0.5599303124883102
